{
  "cells": [
    {
      "cell_type": "markdown",
      "metadata": {
        "id": "view-in-github",
        "colab_type": "text"
      },
      "source": [
        "<a href=\"https://colab.research.google.com/github/ehsanh123/machine-learning/blob/main/drug_abosbtion.ipynb\" target=\"_parent\"><img src=\"https://colab.research.google.com/assets/colab-badge.svg\" alt=\"Open In Colab\"/></a>"
      ]
    },
    {
      "cell_type": "code",
      "execution_count": null,
      "metadata": {
        "colab": {
          "base_uri": "https://localhost:8080/"
        },
        "id": "kcHkuwHrv-4V",
        "outputId": "99485c6b-6f73-492c-f39b-db877b748e05"
      },
      "outputs": [
        {
          "name": "stdout",
          "output_type": "stream",
          "text": [
            "Drive already mounted at /content/drive; to attempt to forcibly remount, call drive.mount(\"/content/drive\", force_remount=True).\n"
          ]
        }
      ],
      "source": [
        "import pandas as pd\n",
        "from sklearn.preprocessing import StandardScaler\n",
        "from sklearn.model_selection import train_test_split\n",
        "from sklearn.ensemble import RandomForestRegressor\n",
        "from sklearn.metrics import mean_squared_error, r2_score\n",
        "import matplotlib.pyplot as plt\n",
        "import numpy as np\n",
        "from scipy.stats import spearmanr\n",
        "#\n",
        "from google.colab import drive\n",
        "drive.mount('/content/drive')\n",
        "# Caricamento dei dataset\n",
        "patient_info = pd.read_csv(\"/content/drive/MyDrive/mechine learning/dataset1_covariates.csv\")\n",
        "does_time = pd.read_csv(\"/content/drive/MyDrive/mechine learning/dataset1_concentration.csv\")\n",
        "\n"
      ]
    },
    {
      "cell_type": "code",
      "execution_count": null,
      "metadata": {
        "colab": {
          "base_uri": "https://localhost:8080/"
        },
        "id": "Y6Exn2igxsYe",
        "outputId": "269f0805-2bbc-41a9-e7b5-8f30c608e542"
      },
      "outputs": [
        {
          "name": "stdout",
          "output_type": "stream",
          "text": [
            "                age        weight           SNP   hemoglobine      albumine  \\\n",
            "count  10000.000000  10000.000000  10000.000000  10000.000000  10000.000000   \n",
            "mean      45.638900     83.149527      1.994100     12.483272      4.094657   \n",
            "std       12.735719     20.787369      0.817516      2.088558      0.399548   \n",
            "min        2.000000      1.238482      1.000000      2.795651      2.684174   \n",
            "25%       37.000000     69.427271      1.000000     11.068377      3.827352   \n",
            "50%       46.000000     83.326522      2.000000     12.480099      4.099618   \n",
            "75%       54.000000     96.954366      3.000000     13.883062      4.362048   \n",
            "max       93.000000    162.616134      3.000000     21.126323      5.593176   \n",
            "\n",
            "       last_dose_time  mg_twice_daily_dose    blood_conc            CL  \\\n",
            "count         10000.0         10000.000000  10000.000000  10000.000000   \n",
            "mean             52.0             3.446695      7.605269     89.854616   \n",
            "std               0.0             1.785337      3.079804     35.902142   \n",
            "min              52.0            -3.842740     -4.071010     28.822117   \n",
            "25%              52.0             2.240148      5.498577     61.439003   \n",
            "50%              52.0             3.448048      7.591779     85.401059   \n",
            "75%              52.0             4.628232      9.703701    111.040745   \n",
            "max              52.0            10.120068     18.906253    410.599652   \n",
            "\n",
            "                  V            ke  \n",
            "count  10000.000000  10000.000000  \n",
            "mean    4616.185938      0.029749  \n",
            "std     3320.066398      0.025883  \n",
            "min      398.621898      0.001947  \n",
            "25%     2421.567270      0.013239  \n",
            "50%     3750.231286      0.022318  \n",
            "75%     5823.788477      0.037435  \n",
            "max    40707.513946      0.308224  \n",
            "shape = (10000, 13)\n"
          ]
        }
      ],
      "source": [
        "print(patient_info.describe())\n",
        "print(f'shape = {patient_info.shape}')"
      ]
    },
    {
      "cell_type": "code",
      "execution_count": null,
      "metadata": {
        "colab": {
          "base_uri": "https://localhost:8080/",
          "height": 542
        },
        "id": "YD9aFDgIz-ep",
        "outputId": "a2bb9a6c-2005-42c8-b104-a5150409e973"
      },
      "outputs": [
        {
          "data": {
            "text/html": [
              "<html>\n",
              "<head><meta charset=\"utf-8\" /></head>\n",
              "<body>\n",
              "    <div>            <script src=\"https://cdnjs.cloudflare.com/ajax/libs/mathjax/2.7.5/MathJax.js?config=TeX-AMS-MML_SVG\"></script><script type=\"text/javascript\">if (window.MathJax && window.MathJax.Hub && window.MathJax.Hub.Config) {window.MathJax.Hub.Config({SVG: {font: \"STIX-Web\"}});}</script>                <script type=\"text/javascript\">window.PlotlyConfig = {MathJaxConfig: 'local'};</script>\n",
              "        <script charset=\"utf-8\" src=\"https://cdn.plot.ly/plotly-2.35.2.min.js\"></script>                <div id=\"8d53f1c4-d4c6-4b62-896b-f53fbecf80d2\" class=\"plotly-graph-div\" style=\"height:525px; width:100%;\"></div>            <script type=\"text/javascript\">                                    window.PLOTLYENV=window.PLOTLYENV || {};                                    if (document.getElementById(\"8d53f1c4-d4c6-4b62-896b-f53fbecf80d2\")) {                    Plotly.newPlot(                        \"8d53f1c4-d4c6-4b62-896b-f53fbecf80d2\",                        [{\"coloraxis\":\"coloraxis\",\"name\":\"0\",\"texttemplate\":\"%{z:0.01f}\",\"x\":[\"age\",\"weight\",\"SNP\",\"hemoglobine\",\"albumine\",\"last_dose_time\",\"mg_twice_daily_dose\",\"blood_conc\",\"CL\",\"V\",\"ke\",\"t1\"],\"y\":[\"age\",\"weight\",\"SNP\",\"hemoglobine\",\"albumine\",\"last_dose_time\",\"mg_twice_daily_dose\",\"blood_conc\",\"CL\",\"V\",\"ke\",\"t1\"],\"z\":[[1.0,0.007920104730351533,-0.014689869029323836,0.01572246810435636,-0.0029902488376067353,null,-0.0049212895066023075,0.012037412836716473,-0.23902806495908216,-0.009100956373835074,-0.09268739765895904,0.023579240024937262],[0.007920104730351533,1.0,-0.0012421862523105335,-0.004377873428020692,-0.006539533508175782,null,0.007740251704250525,0.005961707240684932,0.002327836646057212,-0.01348966898758347,0.0051436817429026,0.00403258403591967],[-0.014689869029323836,-0.0012421862523105335,1.0,0.006500403026245048,-0.0021604964180456957,null,0.006463986001389928,0.010294946627029039,0.7605460295610826,-0.0035646711656632437,0.356980072928721,0.004190514511320183],[0.01572246810435636,-0.004377873428020692,0.006500403026245048,1.0,0.010521718354504736,null,0.007314643888299344,-0.0038318452156219283,-0.12574629099985388,0.0002259207795050552,-0.06809860269564334,-0.000887939010437572],[-0.0029902488376067353,-0.006539533508175782,-0.0021604964180456957,0.010521718354504736,1.0,null,0.0009530251041550597,0.011602586163319047,0.07777269270254654,0.002935031503309713,0.035396391785148064,0.009544903062637448],[null,null,null,null,null,null,null,null,null,null,null,null],[-0.0049212895066023075,0.007740251704250525,0.006463986001389928,0.007314643888299344,0.0009530251041550597,null,1.0,-0.020298392561178356,0.0048737753685628386,0.014383732041671439,0.0002708884691647033,0.0002358693988205529],[0.012037412836716473,0.005961707240684932,0.010294946627029039,-0.0038318452156219283,0.011602586163319047,null,-0.020298392561178356,1.0,0.005128261801359448,-0.01326893234590814,0.013255545595592779,0.018662029380156635],[-0.23902806495908216,0.002327836646057212,0.7605460295610826,-0.12574629099985388,0.07777269270254654,null,0.0048737753685628386,0.005128261801359448,1.0,-0.0007146997236698458,0.46220964484461896,-0.004578620566565442],[-0.009100956373835074,-0.01348966898758347,-0.0035646711656632437,0.0002259207795050552,0.002935031503309713,null,0.014383732041671439,-0.01326893234590814,-0.0007146997236698458,1.0,-0.5524960304545632,-0.6754231673817341],[-0.09268739765895904,0.0051436817429026,0.356980072928721,-0.06809860269564334,0.035396391785148064,null,0.0002708884691647033,0.013255545595592779,0.46220964484461896,-0.5524960304545632,1.0,0.8163991427004271],[0.023579240024937262,0.00403258403591967,0.004190514511320183,-0.000887939010437572,0.009544903062637448,null,0.0002358693988205529,0.018662029380156635,-0.004578620566565442,-0.6754231673817341,0.8163991427004271,1.0]],\"type\":\"heatmap\",\"xaxis\":\"x\",\"yaxis\":\"y\",\"hovertemplate\":\"x: %{x}\\u003cbr\\u003ey: %{y}\\u003cbr\\u003ecolor: %{z}\\u003cextra\\u003e\\u003c\\u002fextra\\u003e\"}],                        {\"template\":{\"data\":{\"barpolar\":[{\"marker\":{\"line\":{\"color\":\"rgb(17,17,17)\",\"width\":0.5},\"pattern\":{\"fillmode\":\"overlay\",\"size\":10,\"solidity\":0.2}},\"type\":\"barpolar\"}],\"bar\":[{\"error_x\":{\"color\":\"#f2f5fa\"},\"error_y\":{\"color\":\"#f2f5fa\"},\"marker\":{\"line\":{\"color\":\"rgb(17,17,17)\",\"width\":0.5},\"pattern\":{\"fillmode\":\"overlay\",\"size\":10,\"solidity\":0.2}},\"type\":\"bar\"}],\"carpet\":[{\"aaxis\":{\"endlinecolor\":\"#A2B1C6\",\"gridcolor\":\"#506784\",\"linecolor\":\"#506784\",\"minorgridcolor\":\"#506784\",\"startlinecolor\":\"#A2B1C6\"},\"baxis\":{\"endlinecolor\":\"#A2B1C6\",\"gridcolor\":\"#506784\",\"linecolor\":\"#506784\",\"minorgridcolor\":\"#506784\",\"startlinecolor\":\"#A2B1C6\"},\"type\":\"carpet\"}],\"choropleth\":[{\"colorbar\":{\"outlinewidth\":0,\"ticks\":\"\"},\"type\":\"choropleth\"}],\"contourcarpet\":[{\"colorbar\":{\"outlinewidth\":0,\"ticks\":\"\"},\"type\":\"contourcarpet\"}],\"contour\":[{\"colorbar\":{\"outlinewidth\":0,\"ticks\":\"\"},\"colorscale\":[[0.0,\"#0d0887\"],[0.1111111111111111,\"#46039f\"],[0.2222222222222222,\"#7201a8\"],[0.3333333333333333,\"#9c179e\"],[0.4444444444444444,\"#bd3786\"],[0.5555555555555556,\"#d8576b\"],[0.6666666666666666,\"#ed7953\"],[0.7777777777777778,\"#fb9f3a\"],[0.8888888888888888,\"#fdca26\"],[1.0,\"#f0f921\"]],\"type\":\"contour\"}],\"heatmapgl\":[{\"colorbar\":{\"outlinewidth\":0,\"ticks\":\"\"},\"colorscale\":[[0.0,\"#0d0887\"],[0.1111111111111111,\"#46039f\"],[0.2222222222222222,\"#7201a8\"],[0.3333333333333333,\"#9c179e\"],[0.4444444444444444,\"#bd3786\"],[0.5555555555555556,\"#d8576b\"],[0.6666666666666666,\"#ed7953\"],[0.7777777777777778,\"#fb9f3a\"],[0.8888888888888888,\"#fdca26\"],[1.0,\"#f0f921\"]],\"type\":\"heatmapgl\"}],\"heatmap\":[{\"colorbar\":{\"outlinewidth\":0,\"ticks\":\"\"},\"colorscale\":[[0.0,\"#0d0887\"],[0.1111111111111111,\"#46039f\"],[0.2222222222222222,\"#7201a8\"],[0.3333333333333333,\"#9c179e\"],[0.4444444444444444,\"#bd3786\"],[0.5555555555555556,\"#d8576b\"],[0.6666666666666666,\"#ed7953\"],[0.7777777777777778,\"#fb9f3a\"],[0.8888888888888888,\"#fdca26\"],[1.0,\"#f0f921\"]],\"type\":\"heatmap\"}],\"histogram2dcontour\":[{\"colorbar\":{\"outlinewidth\":0,\"ticks\":\"\"},\"colorscale\":[[0.0,\"#0d0887\"],[0.1111111111111111,\"#46039f\"],[0.2222222222222222,\"#7201a8\"],[0.3333333333333333,\"#9c179e\"],[0.4444444444444444,\"#bd3786\"],[0.5555555555555556,\"#d8576b\"],[0.6666666666666666,\"#ed7953\"],[0.7777777777777778,\"#fb9f3a\"],[0.8888888888888888,\"#fdca26\"],[1.0,\"#f0f921\"]],\"type\":\"histogram2dcontour\"}],\"histogram2d\":[{\"colorbar\":{\"outlinewidth\":0,\"ticks\":\"\"},\"colorscale\":[[0.0,\"#0d0887\"],[0.1111111111111111,\"#46039f\"],[0.2222222222222222,\"#7201a8\"],[0.3333333333333333,\"#9c179e\"],[0.4444444444444444,\"#bd3786\"],[0.5555555555555556,\"#d8576b\"],[0.6666666666666666,\"#ed7953\"],[0.7777777777777778,\"#fb9f3a\"],[0.8888888888888888,\"#fdca26\"],[1.0,\"#f0f921\"]],\"type\":\"histogram2d\"}],\"histogram\":[{\"marker\":{\"pattern\":{\"fillmode\":\"overlay\",\"size\":10,\"solidity\":0.2}},\"type\":\"histogram\"}],\"mesh3d\":[{\"colorbar\":{\"outlinewidth\":0,\"ticks\":\"\"},\"type\":\"mesh3d\"}],\"parcoords\":[{\"line\":{\"colorbar\":{\"outlinewidth\":0,\"ticks\":\"\"}},\"type\":\"parcoords\"}],\"pie\":[{\"automargin\":true,\"type\":\"pie\"}],\"scatter3d\":[{\"line\":{\"colorbar\":{\"outlinewidth\":0,\"ticks\":\"\"}},\"marker\":{\"colorbar\":{\"outlinewidth\":0,\"ticks\":\"\"}},\"type\":\"scatter3d\"}],\"scattercarpet\":[{\"marker\":{\"colorbar\":{\"outlinewidth\":0,\"ticks\":\"\"}},\"type\":\"scattercarpet\"}],\"scattergeo\":[{\"marker\":{\"colorbar\":{\"outlinewidth\":0,\"ticks\":\"\"}},\"type\":\"scattergeo\"}],\"scattergl\":[{\"marker\":{\"line\":{\"color\":\"#283442\"}},\"type\":\"scattergl\"}],\"scattermapbox\":[{\"marker\":{\"colorbar\":{\"outlinewidth\":0,\"ticks\":\"\"}},\"type\":\"scattermapbox\"}],\"scatterpolargl\":[{\"marker\":{\"colorbar\":{\"outlinewidth\":0,\"ticks\":\"\"}},\"type\":\"scatterpolargl\"}],\"scatterpolar\":[{\"marker\":{\"colorbar\":{\"outlinewidth\":0,\"ticks\":\"\"}},\"type\":\"scatterpolar\"}],\"scatter\":[{\"marker\":{\"line\":{\"color\":\"#283442\"}},\"type\":\"scatter\"}],\"scatterternary\":[{\"marker\":{\"colorbar\":{\"outlinewidth\":0,\"ticks\":\"\"}},\"type\":\"scatterternary\"}],\"surface\":[{\"colorbar\":{\"outlinewidth\":0,\"ticks\":\"\"},\"colorscale\":[[0.0,\"#0d0887\"],[0.1111111111111111,\"#46039f\"],[0.2222222222222222,\"#7201a8\"],[0.3333333333333333,\"#9c179e\"],[0.4444444444444444,\"#bd3786\"],[0.5555555555555556,\"#d8576b\"],[0.6666666666666666,\"#ed7953\"],[0.7777777777777778,\"#fb9f3a\"],[0.8888888888888888,\"#fdca26\"],[1.0,\"#f0f921\"]],\"type\":\"surface\"}],\"table\":[{\"cells\":{\"fill\":{\"color\":\"#506784\"},\"line\":{\"color\":\"rgb(17,17,17)\"}},\"header\":{\"fill\":{\"color\":\"#2a3f5f\"},\"line\":{\"color\":\"rgb(17,17,17)\"}},\"type\":\"table\"}]},\"layout\":{\"annotationdefaults\":{\"arrowcolor\":\"#f2f5fa\",\"arrowhead\":0,\"arrowwidth\":1},\"autotypenumbers\":\"strict\",\"coloraxis\":{\"colorbar\":{\"outlinewidth\":0,\"ticks\":\"\"}},\"colorscale\":{\"diverging\":[[0,\"#8e0152\"],[0.1,\"#c51b7d\"],[0.2,\"#de77ae\"],[0.3,\"#f1b6da\"],[0.4,\"#fde0ef\"],[0.5,\"#f7f7f7\"],[0.6,\"#e6f5d0\"],[0.7,\"#b8e186\"],[0.8,\"#7fbc41\"],[0.9,\"#4d9221\"],[1,\"#276419\"]],\"sequential\":[[0.0,\"#0d0887\"],[0.1111111111111111,\"#46039f\"],[0.2222222222222222,\"#7201a8\"],[0.3333333333333333,\"#9c179e\"],[0.4444444444444444,\"#bd3786\"],[0.5555555555555556,\"#d8576b\"],[0.6666666666666666,\"#ed7953\"],[0.7777777777777778,\"#fb9f3a\"],[0.8888888888888888,\"#fdca26\"],[1.0,\"#f0f921\"]],\"sequentialminus\":[[0.0,\"#0d0887\"],[0.1111111111111111,\"#46039f\"],[0.2222222222222222,\"#7201a8\"],[0.3333333333333333,\"#9c179e\"],[0.4444444444444444,\"#bd3786\"],[0.5555555555555556,\"#d8576b\"],[0.6666666666666666,\"#ed7953\"],[0.7777777777777778,\"#fb9f3a\"],[0.8888888888888888,\"#fdca26\"],[1.0,\"#f0f921\"]]},\"colorway\":[\"#636efa\",\"#EF553B\",\"#00cc96\",\"#ab63fa\",\"#FFA15A\",\"#19d3f3\",\"#FF6692\",\"#B6E880\",\"#FF97FF\",\"#FECB52\"],\"font\":{\"color\":\"#f2f5fa\"},\"geo\":{\"bgcolor\":\"rgb(17,17,17)\",\"lakecolor\":\"rgb(17,17,17)\",\"landcolor\":\"rgb(17,17,17)\",\"showlakes\":true,\"showland\":true,\"subunitcolor\":\"#506784\"},\"hoverlabel\":{\"align\":\"left\"},\"hovermode\":\"closest\",\"mapbox\":{\"style\":\"dark\"},\"paper_bgcolor\":\"rgb(17,17,17)\",\"plot_bgcolor\":\"rgb(17,17,17)\",\"polar\":{\"angularaxis\":{\"gridcolor\":\"#506784\",\"linecolor\":\"#506784\",\"ticks\":\"\"},\"bgcolor\":\"rgb(17,17,17)\",\"radialaxis\":{\"gridcolor\":\"#506784\",\"linecolor\":\"#506784\",\"ticks\":\"\"}},\"scene\":{\"xaxis\":{\"backgroundcolor\":\"rgb(17,17,17)\",\"gridcolor\":\"#506784\",\"gridwidth\":2,\"linecolor\":\"#506784\",\"showbackground\":true,\"ticks\":\"\",\"zerolinecolor\":\"#C8D4E3\"},\"yaxis\":{\"backgroundcolor\":\"rgb(17,17,17)\",\"gridcolor\":\"#506784\",\"gridwidth\":2,\"linecolor\":\"#506784\",\"showbackground\":true,\"ticks\":\"\",\"zerolinecolor\":\"#C8D4E3\"},\"zaxis\":{\"backgroundcolor\":\"rgb(17,17,17)\",\"gridcolor\":\"#506784\",\"gridwidth\":2,\"linecolor\":\"#506784\",\"showbackground\":true,\"ticks\":\"\",\"zerolinecolor\":\"#C8D4E3\"}},\"shapedefaults\":{\"line\":{\"color\":\"#f2f5fa\"}},\"sliderdefaults\":{\"bgcolor\":\"#C8D4E3\",\"bordercolor\":\"rgb(17,17,17)\",\"borderwidth\":1,\"tickwidth\":0},\"ternary\":{\"aaxis\":{\"gridcolor\":\"#506784\",\"linecolor\":\"#506784\",\"ticks\":\"\"},\"baxis\":{\"gridcolor\":\"#506784\",\"linecolor\":\"#506784\",\"ticks\":\"\"},\"bgcolor\":\"rgb(17,17,17)\",\"caxis\":{\"gridcolor\":\"#506784\",\"linecolor\":\"#506784\",\"ticks\":\"\"}},\"title\":{\"x\":0.05},\"updatemenudefaults\":{\"bgcolor\":\"#506784\",\"borderwidth\":0},\"xaxis\":{\"automargin\":true,\"gridcolor\":\"#283442\",\"linecolor\":\"#506784\",\"ticks\":\"\",\"title\":{\"standoff\":15},\"zerolinecolor\":\"#283442\",\"zerolinewidth\":2},\"yaxis\":{\"automargin\":true,\"gridcolor\":\"#283442\",\"linecolor\":\"#506784\",\"ticks\":\"\",\"title\":{\"standoff\":15},\"zerolinecolor\":\"#283442\",\"zerolinewidth\":2}}},\"xaxis\":{\"anchor\":\"y\",\"domain\":[0.0,1.0]},\"yaxis\":{\"anchor\":\"x\",\"domain\":[0.0,1.0],\"autorange\":\"reversed\"},\"coloraxis\":{\"colorscale\":[[0.0,\"rgb(255,247,236)\"],[0.125,\"rgb(254,232,200)\"],[0.25,\"rgb(253,212,158)\"],[0.375,\"rgb(253,187,132)\"],[0.5,\"rgb(252,141,89)\"],[0.625,\"rgb(239,101,72)\"],[0.75,\"rgb(215,48,31)\"],[0.875,\"rgb(179,0,0)\"],[1.0,\"rgb(127,0,0)\"]]},\"title\":{\"text\":\"Correlations Between Data\",\"font\":{\"size\":28,\"family\":\"tahoma\"}}},                        {\"responsive\": true}                    ).then(function(){\n",
              "                            \n",
              "var gd = document.getElementById('8d53f1c4-d4c6-4b62-896b-f53fbecf80d2');\n",
              "var x = new MutationObserver(function (mutations, observer) {{\n",
              "        var display = window.getComputedStyle(gd).display;\n",
              "        if (!display || display === 'none') {{\n",
              "            console.log([gd, 'removed!']);\n",
              "            Plotly.purge(gd);\n",
              "            observer.disconnect();\n",
              "        }}\n",
              "}});\n",
              "\n",
              "// Listen for the removal of the full notebook cells\n",
              "var notebookContainer = gd.closest('#notebook-container');\n",
              "if (notebookContainer) {{\n",
              "    x.observe(notebookContainer, {childList: true});\n",
              "}}\n",
              "\n",
              "// Listen for the clearing of the current output cell\n",
              "var outputEl = gd.closest('.output');\n",
              "if (outputEl) {{\n",
              "    x.observe(outputEl, {childList: true});\n",
              "}}\n",
              "\n",
              "                        })                };                            </script>        </div>\n",
              "</body>\n",
              "</html>"
            ]
          },
          "metadata": {},
          "output_type": "display_data"
        }
      ],
      "source": [
        "\n",
        "#data2_covariates =   # Standardizzazione delle covariate\n",
        "import plotly.express as px\n",
        "import plotly.io as pio\n",
        "\n",
        "#fig, ax = plt.subplots(1,1,figsize=(10, 6)) # Corrected: fig, ax = ... instead of ax, fig = ...\n",
        "def draw_corlation(d_set,title1 = \"Correlations Between Data\",numners= False):\n",
        "  correlation = d_set.corr(numeric_only=True)\n",
        "  if numners:\n",
        "    fig = px.imshow(\n",
        "      correlation,\n",
        "      template = 'plotly_dark',\n",
        "      text_auto = \"0.01f\",\n",
        "      aspect=1,\n",
        "      color_continuous_scale=\"orrd\",\n",
        "      title= title1\n",
        "    )\n",
        "  else:\n",
        "    fig = px.imshow(\n",
        "      correlation,\n",
        "      template = 'plotly_dark',\n",
        "      aspect=1,\n",
        "      color_continuous_scale=\"orrd\",\n",
        "      title= title1\n",
        "    )\n",
        "\n",
        "  fig.update_layout(\n",
        "    title = {\n",
        "        \"font\" :{\n",
        "            \"size\" : 28,\n",
        "            \"family\" : \"tahoma\"\n",
        "        }\n",
        "    }\n",
        "  )\n",
        "#iplot(fig)\n",
        "  fig.show()\n",
        "\n",
        "draw_corlation(patient_info,'Correlations Between Data',True )"
      ]
    },
    {
      "cell_type": "code",
      "execution_count": null,
      "metadata": {
        "id": "lTdelM9LM_us"
      },
      "outputs": [],
      "source": [
        "d2 = patient_info.copy()\n",
        "from sklearn.preprocessing import StandardScaler\n",
        "scaler = StandardScaler()\n",
        "from sklearn.preprocessing import LabelEncoder\n",
        "encoder = LabelEncoder()\n",
        "for column in d2.columns:\n",
        "    if pd.api.types.is_numeric_dtype(d2[column]):\n",
        "      d2[column] = scaler.fit_transform(d2[[column]])\n",
        "      # a=1\n",
        "    else:\n",
        "      d2[column] = encoder.fit_transform(d2[column])\n",
        "d2.drop('last_dose_time',axis=1,inplace=True)\n",
        "# draw_corlation(d2,'Correlations Between Data',False)"
      ]
    },
    {
      "cell_type": "markdown",
      "metadata": {
        "id": "DEJS_orqOPX3"
      },
      "source": [
        "##powers coraltion"
      ]
    },
    {
      "cell_type": "code",
      "execution_count": null,
      "metadata": {
        "colab": {
          "base_uri": "https://localhost:8080/",
          "height": 1000
        },
        "id": "Q4ajFVLMM-dg",
        "outputId": "b9431e9d-d515-442f-9c20-1749b83cd5fc"
      },
      "outputs": [
        {
          "data": {
            "text/html": [
              "<html>\n",
              "<head><meta charset=\"utf-8\" /></head>\n",
              "<body>\n",
              "    <div>            <script src=\"https://cdnjs.cloudflare.com/ajax/libs/mathjax/2.7.5/MathJax.js?config=TeX-AMS-MML_SVG\"></script><script type=\"text/javascript\">if (window.MathJax && window.MathJax.Hub && window.MathJax.Hub.Config) {window.MathJax.Hub.Config({SVG: {font: \"STIX-Web\"}});}</script>                <script type=\"text/javascript\">window.PlotlyConfig = {MathJaxConfig: 'local'};</script>\n",
              "        <script charset=\"utf-8\" src=\"https://cdn.plot.ly/plotly-2.35.2.min.js\"></script>                <div id=\"93962770-86f2-4e34-88d5-0e34aa83ae68\" class=\"plotly-graph-div\" style=\"height:525px; width:100%;\"></div>            <script type=\"text/javascript\">                                    window.PLOTLYENV=window.PLOTLYENV || {};                                    if (document.getElementById(\"93962770-86f2-4e34-88d5-0e34aa83ae68\")) {                    Plotly.newPlot(                        \"93962770-86f2-4e34-88d5-0e34aa83ae68\",                        [{\"coloraxis\":\"coloraxis\",\"name\":\"0\",\"texttemplate\":\"%{z:0.01f}\",\"x\":[\"age\",\"sex\",\"race\",\"weight\",\"SNP\",\"hemoglobine\",\"albumine\",\"mg_twice_daily_dose\",\"blood_conc\",\"CL\",\"V\",\"ke\",\"t1\"],\"y\":[\"age\",\"sex\",\"race\",\"weight\",\"SNP\",\"hemoglobine\",\"albumine\",\"mg_twice_daily_dose\",\"blood_conc\",\"CL\",\"V\",\"ke\",\"t1\"],\"z\":[[1.0,-0.0013690100848308667,0.005153530556980471,0.007920104730351504,-0.014689869029323874,0.015722468104356353,-0.0029902488376066833,-0.004921289506602226,0.012037412836716497,-0.23902806495908402,-0.009100956373835095,-0.09268739765895921,0.023579240024937182],[-0.0013690100848308667,1.0,0.005767965923813126,-0.0039375056710667525,0.0010144161277359795,0.017753557599340133,-0.014542346410083253,0.009619458178581067,0.008021576599248577,0.0026582012150356354,0.0015544313147359838,0.004400417100103872,0.00038455254687595915],[0.005153530556980471,0.005767965923813126,1.0,0.0031592652083561766,-0.00008812268381648699,0.011054693387609756,0.009422051200131563,0.0025618572901048966,0.0020225477546382976,-0.00020050734981246222,-0.0014456943554304472,-0.00996221212535669,-0.006052950529973813],[0.007920104730351504,-0.0039375056710667525,0.0031592652083561766,1.0,-0.0012421862523104823,-0.004377873428020778,-0.0065395335081753405,0.007740251704250543,0.00596170724068491,0.002327836646057131,-0.013489668987583464,0.005143681742902627,0.004032584035919643],[-0.014689869029323874,0.0010144161277359795,-0.00008812268381648699,-0.0012421862523104823,1.0,0.00650040302624492,-0.0021604964180455158,0.006463986001389933,0.01029494662702908,0.7605460295610813,-0.0035646711656632402,0.35698007292871936,0.0041905145113201306],[0.015722468104356353,0.017753557599340133,0.011054693387609756,-0.004377873428020778,0.00650040302624492,1.0,0.010521718354504854,0.007314643888299412,-0.003831845215621982,-0.1257462909998539,0.0002259207795051595,-0.06809860269564284,-0.000887939010437564],[-0.0029902488376066833,-0.014542346410083253,0.009422051200131563,-0.0065395335081753405,-0.0021604964180455158,0.010521718354504854,1.0,0.0009530251041553407,0.011602586163318886,0.07777269270254662,0.0029350315033097162,0.035396391785147766,0.009544903062637496],[-0.004921289506602226,0.009619458178581067,0.0025618572901048966,0.007740251704250543,0.006463986001389933,0.007314643888299412,0.0009530251041553407,1.0,-0.020298392561178515,0.004873775368562802,0.014383732041671395,0.0002708884691647035,0.00023586939882047278],[0.012037412836716497,0.008021576599248577,0.0020225477546382976,0.00596170724068491,0.01029494662702908,-0.003831845215621982,0.011602586163318886,-0.020298392561178515,1.0,0.00512826180135947,-0.013268932345908105,0.013255545595592706,0.018662029380156566],[-0.23902806495908402,0.0026582012150356354,-0.00020050734981246222,0.002327836646057131,0.7605460295610813,-0.1257462909998539,0.07777269270254662,0.004873775368562802,0.00512826180135947,1.0,-0.0007146997236698506,0.4622096448446198,-0.004578620566565501],[-0.009100956373835095,0.0015544313147359838,-0.0014456943554304472,-0.013489668987583464,-0.0035646711656632402,0.0002259207795051595,0.0029350315033097162,0.014383732041671395,-0.013268932345908105,-0.0007146997236698506,1.0,-0.5524960304545591,-0.6754231673817288],[-0.09268739765895921,0.004400417100103872,-0.00996221212535669,0.005143681742902627,0.35698007292871936,-0.06809860269564284,0.035396391785147766,0.0002708884691647035,0.013255545595592706,0.4622096448446198,-0.5524960304545591,1.0,0.8163991427004238],[0.023579240024937182,0.00038455254687595915,-0.006052950529973813,0.004032584035919643,0.0041905145113201306,-0.000887939010437564,0.009544903062637496,0.00023586939882047278,0.018662029380156566,-0.004578620566565501,-0.6754231673817288,0.8163991427004238,1.0]],\"type\":\"heatmap\",\"xaxis\":\"x\",\"yaxis\":\"y\",\"hovertemplate\":\"x: %{x}\\u003cbr\\u003ey: %{y}\\u003cbr\\u003ecolor: %{z}\\u003cextra\\u003e\\u003c\\u002fextra\\u003e\"}],                        {\"template\":{\"data\":{\"barpolar\":[{\"marker\":{\"line\":{\"color\":\"rgb(17,17,17)\",\"width\":0.5},\"pattern\":{\"fillmode\":\"overlay\",\"size\":10,\"solidity\":0.2}},\"type\":\"barpolar\"}],\"bar\":[{\"error_x\":{\"color\":\"#f2f5fa\"},\"error_y\":{\"color\":\"#f2f5fa\"},\"marker\":{\"line\":{\"color\":\"rgb(17,17,17)\",\"width\":0.5},\"pattern\":{\"fillmode\":\"overlay\",\"size\":10,\"solidity\":0.2}},\"type\":\"bar\"}],\"carpet\":[{\"aaxis\":{\"endlinecolor\":\"#A2B1C6\",\"gridcolor\":\"#506784\",\"linecolor\":\"#506784\",\"minorgridcolor\":\"#506784\",\"startlinecolor\":\"#A2B1C6\"},\"baxis\":{\"endlinecolor\":\"#A2B1C6\",\"gridcolor\":\"#506784\",\"linecolor\":\"#506784\",\"minorgridcolor\":\"#506784\",\"startlinecolor\":\"#A2B1C6\"},\"type\":\"carpet\"}],\"choropleth\":[{\"colorbar\":{\"outlinewidth\":0,\"ticks\":\"\"},\"type\":\"choropleth\"}],\"contourcarpet\":[{\"colorbar\":{\"outlinewidth\":0,\"ticks\":\"\"},\"type\":\"contourcarpet\"}],\"contour\":[{\"colorbar\":{\"outlinewidth\":0,\"ticks\":\"\"},\"colorscale\":[[0.0,\"#0d0887\"],[0.1111111111111111,\"#46039f\"],[0.2222222222222222,\"#7201a8\"],[0.3333333333333333,\"#9c179e\"],[0.4444444444444444,\"#bd3786\"],[0.5555555555555556,\"#d8576b\"],[0.6666666666666666,\"#ed7953\"],[0.7777777777777778,\"#fb9f3a\"],[0.8888888888888888,\"#fdca26\"],[1.0,\"#f0f921\"]],\"type\":\"contour\"}],\"heatmapgl\":[{\"colorbar\":{\"outlinewidth\":0,\"ticks\":\"\"},\"colorscale\":[[0.0,\"#0d0887\"],[0.1111111111111111,\"#46039f\"],[0.2222222222222222,\"#7201a8\"],[0.3333333333333333,\"#9c179e\"],[0.4444444444444444,\"#bd3786\"],[0.5555555555555556,\"#d8576b\"],[0.6666666666666666,\"#ed7953\"],[0.7777777777777778,\"#fb9f3a\"],[0.8888888888888888,\"#fdca26\"],[1.0,\"#f0f921\"]],\"type\":\"heatmapgl\"}],\"heatmap\":[{\"colorbar\":{\"outlinewidth\":0,\"ticks\":\"\"},\"colorscale\":[[0.0,\"#0d0887\"],[0.1111111111111111,\"#46039f\"],[0.2222222222222222,\"#7201a8\"],[0.3333333333333333,\"#9c179e\"],[0.4444444444444444,\"#bd3786\"],[0.5555555555555556,\"#d8576b\"],[0.6666666666666666,\"#ed7953\"],[0.7777777777777778,\"#fb9f3a\"],[0.8888888888888888,\"#fdca26\"],[1.0,\"#f0f921\"]],\"type\":\"heatmap\"}],\"histogram2dcontour\":[{\"colorbar\":{\"outlinewidth\":0,\"ticks\":\"\"},\"colorscale\":[[0.0,\"#0d0887\"],[0.1111111111111111,\"#46039f\"],[0.2222222222222222,\"#7201a8\"],[0.3333333333333333,\"#9c179e\"],[0.4444444444444444,\"#bd3786\"],[0.5555555555555556,\"#d8576b\"],[0.6666666666666666,\"#ed7953\"],[0.7777777777777778,\"#fb9f3a\"],[0.8888888888888888,\"#fdca26\"],[1.0,\"#f0f921\"]],\"type\":\"histogram2dcontour\"}],\"histogram2d\":[{\"colorbar\":{\"outlinewidth\":0,\"ticks\":\"\"},\"colorscale\":[[0.0,\"#0d0887\"],[0.1111111111111111,\"#46039f\"],[0.2222222222222222,\"#7201a8\"],[0.3333333333333333,\"#9c179e\"],[0.4444444444444444,\"#bd3786\"],[0.5555555555555556,\"#d8576b\"],[0.6666666666666666,\"#ed7953\"],[0.7777777777777778,\"#fb9f3a\"],[0.8888888888888888,\"#fdca26\"],[1.0,\"#f0f921\"]],\"type\":\"histogram2d\"}],\"histogram\":[{\"marker\":{\"pattern\":{\"fillmode\":\"overlay\",\"size\":10,\"solidity\":0.2}},\"type\":\"histogram\"}],\"mesh3d\":[{\"colorbar\":{\"outlinewidth\":0,\"ticks\":\"\"},\"type\":\"mesh3d\"}],\"parcoords\":[{\"line\":{\"colorbar\":{\"outlinewidth\":0,\"ticks\":\"\"}},\"type\":\"parcoords\"}],\"pie\":[{\"automargin\":true,\"type\":\"pie\"}],\"scatter3d\":[{\"line\":{\"colorbar\":{\"outlinewidth\":0,\"ticks\":\"\"}},\"marker\":{\"colorbar\":{\"outlinewidth\":0,\"ticks\":\"\"}},\"type\":\"scatter3d\"}],\"scattercarpet\":[{\"marker\":{\"colorbar\":{\"outlinewidth\":0,\"ticks\":\"\"}},\"type\":\"scattercarpet\"}],\"scattergeo\":[{\"marker\":{\"colorbar\":{\"outlinewidth\":0,\"ticks\":\"\"}},\"type\":\"scattergeo\"}],\"scattergl\":[{\"marker\":{\"line\":{\"color\":\"#283442\"}},\"type\":\"scattergl\"}],\"scattermapbox\":[{\"marker\":{\"colorbar\":{\"outlinewidth\":0,\"ticks\":\"\"}},\"type\":\"scattermapbox\"}],\"scatterpolargl\":[{\"marker\":{\"colorbar\":{\"outlinewidth\":0,\"ticks\":\"\"}},\"type\":\"scatterpolargl\"}],\"scatterpolar\":[{\"marker\":{\"colorbar\":{\"outlinewidth\":0,\"ticks\":\"\"}},\"type\":\"scatterpolar\"}],\"scatter\":[{\"marker\":{\"line\":{\"color\":\"#283442\"}},\"type\":\"scatter\"}],\"scatterternary\":[{\"marker\":{\"colorbar\":{\"outlinewidth\":0,\"ticks\":\"\"}},\"type\":\"scatterternary\"}],\"surface\":[{\"colorbar\":{\"outlinewidth\":0,\"ticks\":\"\"},\"colorscale\":[[0.0,\"#0d0887\"],[0.1111111111111111,\"#46039f\"],[0.2222222222222222,\"#7201a8\"],[0.3333333333333333,\"#9c179e\"],[0.4444444444444444,\"#bd3786\"],[0.5555555555555556,\"#d8576b\"],[0.6666666666666666,\"#ed7953\"],[0.7777777777777778,\"#fb9f3a\"],[0.8888888888888888,\"#fdca26\"],[1.0,\"#f0f921\"]],\"type\":\"surface\"}],\"table\":[{\"cells\":{\"fill\":{\"color\":\"#506784\"},\"line\":{\"color\":\"rgb(17,17,17)\"}},\"header\":{\"fill\":{\"color\":\"#2a3f5f\"},\"line\":{\"color\":\"rgb(17,17,17)\"}},\"type\":\"table\"}]},\"layout\":{\"annotationdefaults\":{\"arrowcolor\":\"#f2f5fa\",\"arrowhead\":0,\"arrowwidth\":1},\"autotypenumbers\":\"strict\",\"coloraxis\":{\"colorbar\":{\"outlinewidth\":0,\"ticks\":\"\"}},\"colorscale\":{\"diverging\":[[0,\"#8e0152\"],[0.1,\"#c51b7d\"],[0.2,\"#de77ae\"],[0.3,\"#f1b6da\"],[0.4,\"#fde0ef\"],[0.5,\"#f7f7f7\"],[0.6,\"#e6f5d0\"],[0.7,\"#b8e186\"],[0.8,\"#7fbc41\"],[0.9,\"#4d9221\"],[1,\"#276419\"]],\"sequential\":[[0.0,\"#0d0887\"],[0.1111111111111111,\"#46039f\"],[0.2222222222222222,\"#7201a8\"],[0.3333333333333333,\"#9c179e\"],[0.4444444444444444,\"#bd3786\"],[0.5555555555555556,\"#d8576b\"],[0.6666666666666666,\"#ed7953\"],[0.7777777777777778,\"#fb9f3a\"],[0.8888888888888888,\"#fdca26\"],[1.0,\"#f0f921\"]],\"sequentialminus\":[[0.0,\"#0d0887\"],[0.1111111111111111,\"#46039f\"],[0.2222222222222222,\"#7201a8\"],[0.3333333333333333,\"#9c179e\"],[0.4444444444444444,\"#bd3786\"],[0.5555555555555556,\"#d8576b\"],[0.6666666666666666,\"#ed7953\"],[0.7777777777777778,\"#fb9f3a\"],[0.8888888888888888,\"#fdca26\"],[1.0,\"#f0f921\"]]},\"colorway\":[\"#636efa\",\"#EF553B\",\"#00cc96\",\"#ab63fa\",\"#FFA15A\",\"#19d3f3\",\"#FF6692\",\"#B6E880\",\"#FF97FF\",\"#FECB52\"],\"font\":{\"color\":\"#f2f5fa\"},\"geo\":{\"bgcolor\":\"rgb(17,17,17)\",\"lakecolor\":\"rgb(17,17,17)\",\"landcolor\":\"rgb(17,17,17)\",\"showlakes\":true,\"showland\":true,\"subunitcolor\":\"#506784\"},\"hoverlabel\":{\"align\":\"left\"},\"hovermode\":\"closest\",\"mapbox\":{\"style\":\"dark\"},\"paper_bgcolor\":\"rgb(17,17,17)\",\"plot_bgcolor\":\"rgb(17,17,17)\",\"polar\":{\"angularaxis\":{\"gridcolor\":\"#506784\",\"linecolor\":\"#506784\",\"ticks\":\"\"},\"bgcolor\":\"rgb(17,17,17)\",\"radialaxis\":{\"gridcolor\":\"#506784\",\"linecolor\":\"#506784\",\"ticks\":\"\"}},\"scene\":{\"xaxis\":{\"backgroundcolor\":\"rgb(17,17,17)\",\"gridcolor\":\"#506784\",\"gridwidth\":2,\"linecolor\":\"#506784\",\"showbackground\":true,\"ticks\":\"\",\"zerolinecolor\":\"#C8D4E3\"},\"yaxis\":{\"backgroundcolor\":\"rgb(17,17,17)\",\"gridcolor\":\"#506784\",\"gridwidth\":2,\"linecolor\":\"#506784\",\"showbackground\":true,\"ticks\":\"\",\"zerolinecolor\":\"#C8D4E3\"},\"zaxis\":{\"backgroundcolor\":\"rgb(17,17,17)\",\"gridcolor\":\"#506784\",\"gridwidth\":2,\"linecolor\":\"#506784\",\"showbackground\":true,\"ticks\":\"\",\"zerolinecolor\":\"#C8D4E3\"}},\"shapedefaults\":{\"line\":{\"color\":\"#f2f5fa\"}},\"sliderdefaults\":{\"bgcolor\":\"#C8D4E3\",\"bordercolor\":\"rgb(17,17,17)\",\"borderwidth\":1,\"tickwidth\":0},\"ternary\":{\"aaxis\":{\"gridcolor\":\"#506784\",\"linecolor\":\"#506784\",\"ticks\":\"\"},\"baxis\":{\"gridcolor\":\"#506784\",\"linecolor\":\"#506784\",\"ticks\":\"\"},\"bgcolor\":\"rgb(17,17,17)\",\"caxis\":{\"gridcolor\":\"#506784\",\"linecolor\":\"#506784\",\"ticks\":\"\"}},\"title\":{\"x\":0.05},\"updatemenudefaults\":{\"bgcolor\":\"#506784\",\"borderwidth\":0},\"xaxis\":{\"automargin\":true,\"gridcolor\":\"#283442\",\"linecolor\":\"#506784\",\"ticks\":\"\",\"title\":{\"standoff\":15},\"zerolinecolor\":\"#283442\",\"zerolinewidth\":2},\"yaxis\":{\"automargin\":true,\"gridcolor\":\"#283442\",\"linecolor\":\"#506784\",\"ticks\":\"\",\"title\":{\"standoff\":15},\"zerolinecolor\":\"#283442\",\"zerolinewidth\":2}}},\"xaxis\":{\"anchor\":\"y\",\"domain\":[0.0,1.0]},\"yaxis\":{\"anchor\":\"x\",\"domain\":[0.0,1.0],\"autorange\":\"reversed\"},\"coloraxis\":{\"colorscale\":[[0.0,\"rgb(255,247,236)\"],[0.125,\"rgb(254,232,200)\"],[0.25,\"rgb(253,212,158)\"],[0.375,\"rgb(253,187,132)\"],[0.5,\"rgb(252,141,89)\"],[0.625,\"rgb(239,101,72)\"],[0.75,\"rgb(215,48,31)\"],[0.875,\"rgb(179,0,0)\"],[1.0,\"rgb(127,0,0)\"]]},\"title\":{\"text\":\"Correlations Between Data\",\"font\":{\"size\":28,\"family\":\"tahoma\"}}},                        {\"responsive\": true}                    ).then(function(){\n",
              "                            \n",
              "var gd = document.getElementById('93962770-86f2-4e34-88d5-0e34aa83ae68');\n",
              "var x = new MutationObserver(function (mutations, observer) {{\n",
              "        var display = window.getComputedStyle(gd).display;\n",
              "        if (!display || display === 'none') {{\n",
              "            console.log([gd, 'removed!']);\n",
              "            Plotly.purge(gd);\n",
              "            observer.disconnect();\n",
              "        }}\n",
              "}});\n",
              "\n",
              "// Listen for the removal of the full notebook cells\n",
              "var notebookContainer = gd.closest('#notebook-container');\n",
              "if (notebookContainer) {{\n",
              "    x.observe(notebookContainer, {childList: true});\n",
              "}}\n",
              "\n",
              "// Listen for the clearing of the current output cell\n",
              "var outputEl = gd.closest('.output');\n",
              "if (outputEl) {{\n",
              "    x.observe(outputEl, {childList: true});\n",
              "}}\n",
              "\n",
              "                        })                };                            </script>        </div>\n",
              "</body>\n",
              "</html>"
            ]
          },
          "metadata": {},
          "output_type": "display_data"
        },
        {
          "data": {
            "text/html": [
              "<html>\n",
              "<head><meta charset=\"utf-8\" /></head>\n",
              "<body>\n",
              "    <div>            <script src=\"https://cdnjs.cloudflare.com/ajax/libs/mathjax/2.7.5/MathJax.js?config=TeX-AMS-MML_SVG\"></script><script type=\"text/javascript\">if (window.MathJax && window.MathJax.Hub && window.MathJax.Hub.Config) {window.MathJax.Hub.Config({SVG: {font: \"STIX-Web\"}});}</script>                <script type=\"text/javascript\">window.PlotlyConfig = {MathJaxConfig: 'local'};</script>\n",
